kst=3.29618
a=9.6425588126957416